#Layer_Color=65535
#
#Feature symbol names
#
$0 r7.874
$1 r5
$2 r9.8425
$3 r2.9528
$4 r5.9055

#
#Feature attribute names
#

#
#Layer features
#
A 3.7565573 2.0488539 3.7565573 2.0488539 3.7520684 2.0488539 2 P 0 N
A 3.7653544 2.5249607 3.8795276 2.5249607 3.822441 2.5249607 1 P 0 N
A 3.806206 3.9269686 3.806206 3.9269686 3.8017171 3.9269686 2 P 0 N
A 3.8770866 3.3611496 3.7629134 3.3611496 3.82 3.3611496 1 P 0 N
A 4.0242739 1.9897988 4.0242739 1.9897988 4.019785 1.9897988 2 P 0 N
A 4.0739226 3.8679135 4.0739226 3.8679135 4.0694337 3.8679135 2 P 0 N
A 4.5649213 4.0899606 4.5649213 4.0899606 4.5609843 4.0899606 0 P 0 N
L 3.650315 3.5506299 3.650315 3.6293701 4 P 0
L 3.650315 3.5506299 3.658189 3.5506299 4 P 0
L 3.650315 3.6293701 3.658189 3.6293701 4 P 0
L 3.681811 3.5506299 3.689685 3.5506299 4 P 0
L 3.681811 3.6293701 3.689685 3.6293701 4 P 0
L 3.689685 3.5506299 3.689685 3.6293701 4 P 0
L 3.7094519 1.5846808 4.0535463 1.5846808 0 P 0
L 3.7094519 1.7189328 3.7094541 1.5846808 0 P 0
L 3.7094519 1.7972793 3.7094519 1.9051533 0 P 0
L 3.7094519 1.9831061 3.7094519 2.0319248 0 P 0
L 3.7094519 2.0319248 3.7594519 2.0319248 0 P 0
L 3.720315 2.1706299 3.720315 2.2493701 4 P 0
L 3.720315 2.1706299 3.728189 2.1706299 4 P 0
L 3.720315 2.2493701 3.728189 2.2493701 4 P 0
L 3.7333858 3.065874 3.7333858 3.3178425 1 P 0
L 3.7333858 3.065874 3.9066142 3.065874 1 P 0
L 3.7333858 3.3178425 3.9066142 3.3178425 1 P 0
L 3.7357087 3.4964961 3.7357087 3.6835039 4 P 0
L 3.7357087 3.4964961 3.7455512 3.4964961 4 P 0
L 3.7357087 3.59 3.8242913 3.59 4 P 0
L 3.7357087 3.6835039 3.7455512 3.6835039 4 P 0
L 3.7358268 2.5682678 3.7358268 2.8202363 1 P 0
L 3.7358268 2.5682678 3.9090552 2.5682678 1 P 0
L 3.7358268 2.8202363 3.9090552 2.8202363 1 P 0
L 3.751811 2.1706299 3.759685 2.1706299 4 P 0
L 3.751811 2.2493701 3.759685 2.2493701 4 P 0
L 3.759685 2.1706299 3.759685 2.2493701 4 P 0
L 3.7629134 3.3178425 3.7629134 3.3611496 1 P 0
L 3.7653544 2.5249607 3.7653544 2.5682678 1 P 0
L 3.7679558 3.8848426 3.7679558 3.9336613 0 P 0
L 3.7679558 3.8848426 3.8179558 3.8848426 0 P 0
L 3.7679558 4.0116141 3.7679558 4.1194881 0 P 0
L 3.7679558 4.1978346 3.767958 4.3320866 0 P 0
L 3.7679558 4.3320866 4.1120502 4.3320866 0 P 0
L 3.7990555 2.1664961 3.7990555 2.3535039 4 P 0
L 3.7990555 2.1664961 3.808898 2.1664961 4 P 0
L 3.7990555 2.26 3.8876381 2.26 4 P 0
L 3.7990555 2.3535039 3.808898 2.3535039 4 P 0
L 3.811 2.88 3.82 2.88 0 P 0
L 3.811 2.98 3.82 2.98 0 P 0
L 3.8144488 3.4964961 3.8242913 3.4964961 4 P 0
L 3.8144488 3.6835039 3.8242913 3.6835039 4 P 0
L 3.82 2.85 3.82 2.88 0 P 0
L 3.82 2.85 4.02 2.85 0 P 0
L 3.82 2.88 3.82 2.91 0 P 0
L 3.82 2.91 4.02 2.91 0 P 0
L 3.82 2.95 3.82 2.98 0 P 0
L 3.82 2.95 4.02 2.95 0 P 0
L 3.82 2.98 3.82 3.01 0 P 0
L 3.82 3.01 4.02 3.01 0 P 0
L 3.8242913 3.4964961 3.8242913 3.6835039 4 P 0
L 3.8457087 3.4964961 3.8457087 3.6835039 4 P 0
L 3.8457087 3.4964961 3.8555512 3.4964961 4 P 0
L 3.8457087 3.59 3.9342913 3.59 4 P 0
L 3.8457087 3.6835039 3.8555512 3.6835039 4 P 0
L 3.8770866 3.3178425 3.8770866 3.3611496 1 P 0
L 3.8777956 2.1664961 3.8876381 2.1664961 4 P 0
L 3.8777956 2.3535039 3.8876381 2.3535039 4 P 0
L 3.8795276 2.5249607 3.8795276 2.5682678 1 P 0
L 3.8876381 2.1664961 3.8876381 2.3535039 4 P 0
L 3.9066142 3.065874 3.9066142 3.3178425 1 P 0
L 3.9090552 2.5682678 3.9090552 2.8202363 1 P 0
L 3.9244488 3.4964961 3.9342913 3.4964961 4 P 0
L 3.9244488 3.6835039 3.9342913 3.6835039 4 P 0
L 3.927008 2.1664961 3.927008 2.3535039 4 P 0
L 3.927008 2.1664961 3.9368505 2.1664961 4 P 0
L 3.927008 2.26 4.0155906 2.26 4 P 0
L 3.927008 2.3535039 3.9368505 2.3535039 4 P 0
L 3.9342913 3.4964961 3.9342913 3.6835039 4 P 0
L 3.980315 3.5506299 3.980315 3.6293701 4 P 0
L 3.980315 3.5506299 3.988189 3.5506299 4 P 0
L 3.980315 3.6293701 3.988189 3.6293701 4 P 0
L 4.0005906 2.6489764 4.0005906 2.8025197 3 P 0
L 4.0005906 2.6489764 4.1029528 2.6489764 3 P 0
L 4.0005906 2.8025197 4.1029528 2.8025197 3 P 0
L 4.0035463 2.0319248 4.0535463 2.0319248 0 P 0
L 4.0057481 2.1664961 4.0155906 2.1664961 4 P 0
L 4.0057481 2.3535039 4.0155906 2.3535039 4 P 0
L 4.011811 3.5506299 4.019685 3.5506299 4 P 0
L 4.011811 3.6293701 4.019685 3.6293701 4 P 0
L 4.0155906 2.1664961 4.0155906 2.3535039 4 P 0
L 4.019685 3.5506299 4.019685 3.6293701 4 P 0
L 4.02 2.85 4.02 2.91 0 P 0
L 4.02 2.88 4.029 2.88 0 P 0
L 4.02 2.95 4.02 3.01 0 P 0
L 4.02 2.98 4.029 2.98 0 P 0
L 4.0226379 3.3489764 4.0226379 3.5025197 3 P 0
L 4.0226379 3.3489764 4.1250001 3.3489764 3 P 0
L 4.0226379 3.5025197 4.1250001 3.5025197 3 P 0
L 4.040315 2.1906299 4.040315 2.2693701 4 P 0
L 4.040315 2.1906299 4.048189 2.1906299 4 P 0
L 4.040315 2.2693701 4.048189 2.2693701 4 P 0
L 4.0535441 1.5846808 4.0535463 1.7189328 0 P 0
L 4.0535463 1.7972793 4.0535463 1.9051533 0 P 0
L 4.0535463 1.9831061 4.0535463 2.0319248 0 P 0
L 4.0620502 3.8848426 4.1120502 3.8848426 0 P 0
L 4.071811 2.1906299 4.079685 2.1906299 4 P 0
L 4.071811 2.2693701 4.079685 2.2693701 4 P 0
L 4.079685 2.1906299 4.079685 2.2693701 4 P 0
L 4.1029528 2.6489764 4.1029528 2.8025197 3 P 0
L 4.112048 4.3320866 4.1120502 4.1978346 0 P 0
L 4.1120502 3.8848426 4.1120502 3.9336613 0 P 0
L 4.1120502 4.0116141 4.1120502 4.1194881 0 P 0
L 4.1250001 3.3489764 4.1250001 3.5025197 3 P 0
L 4.15 2.229 4.15 3.629 0 P 0
L 4.15 2.229 4.25 2.229 0 P 0
L 4.15 3.629 4.25 3.629 0 P 0
L 4.25 2.229 4.25 3.554 0 P 0
L 4.25 3.554 4.25 3.629 0 P 0
L 4.3157008 1.8010157 4.3157008 2.0529843 0 P 0
L 4.3157008 1.8010157 4.8282992 1.8010157 0 P 0
L 4.3157008 2.0529843 4.8243622 2.0529843 0 P 0
L 4.337 1.8010157 4.347 1.812 0 P 0
L 4.347 1.812 4.397 1.812 0 P 0
L 4.397 1.812 4.407 1.8010157 0 P 0
L 4.437 1.8010157 4.447 1.812 0 P 0
L 4.447 1.812 4.497 1.812 0 P 0
L 4.4509449 3.9409449 4.4509449 4.0590551 1 P 0
L 4.497 1.812 4.507 1.8010157 0 P 0
L 4.537 1.8010157 4.547 1.812 0 P 0
L 4.547 1.812 4.597 1.812 0 P 0
L 4.5690551 3.9409449 4.5690551 4.0590551 1 P 0
L 4.597 1.812 4.607 1.8010157 0 P 0
L 4.637 1.8010157 4.647 1.812 0 P 0
L 4.647 1.812 4.697 1.812 0 P 0
L 4.697 1.812 4.707 1.8010157 0 P 0
L 4.737 1.8010157 4.747 1.812 0 P 0
L 4.747 1.812 4.797 1.812 0 P 0
L 4.75 2.2279528 4.75 2.3029528 0 P 0
L 4.75 2.2279528 4.85 2.2279528 0 P 0
L 4.75 2.3029528 4.75 3.6279528 0 P 0
L 4.75 3.6279528 4.85 3.6279528 0 P 0
L 4.797 1.812 4.807 1.8010157 0 P 0
L 4.8243622 2.0529843 4.8282992 2.0529843 0 P 0
L 4.8282992 1.8010157 4.8282992 2.0529843 0 P 0
L 4.85 2.2279528 4.85 3.6279528 0 P 0
L 4.881 4.0990315 4.89 4.0990315 0 P 0
L 4.89 4.0690315 4.89 4.1290315 0 P 0
L 4.89 4.0690315 5.09 4.0690315 0 P 0
L 4.89 4.1290315 5.09 4.1290315 0 P 0
L 4.9037008 1.8010157 4.9037008 2.0529843 0 P 0
L 4.9037008 1.8010157 5.1162992 1.8010157 0 P 0
L 4.9037008 2.0529843 5.1123622 2.0529843 0 P 0
L 4.925 1.8010157 4.935 1.812 0 P 0
L 4.935 1.812 4.985 1.812 0 P 0
L 4.98 2.3464567 4.98 2.5 3 P 0
L 4.98 2.3464567 5.0823622 2.3464567 3 P 0
L 4.98 2.5 5.0823622 2.5 3 P 0
L 4.98 2.5464567 4.98 2.7 3 P 0
L 4.98 2.5464567 5.0823622 2.5464567 3 P 0
L 4.98 2.7 5.0823622 2.7 3 P 0
L 4.98 2.7464567 4.98 2.9 3 P 0
L 4.98 2.7464567 5.0823622 2.7464567 3 P 0
L 4.98 2.9 5.0823622 2.9 3 P 0
L 4.98 2.9464567 4.98 3.1 3 P 0
L 4.98 2.9464567 5.0823622 2.9464567 3 P 0
L 4.98 3.1 5.0823622 3.1 3 P 0
L 4.98 3.1464567 4.98 3.3 3 P 0
L 4.98 3.1464567 5.0823622 3.1464567 3 P 0
L 4.98 3.3 5.0823622 3.3 3 P 0
L 4.985 1.812 4.995 1.8010157 0 P 0
L 5.025 1.8010157 5.035 1.812 0 P 0
L 5.035 1.812 5.085 1.812 0 P 0
L 5.0823622 2.3464567 5.0823622 2.5 3 P 0
L 5.0823622 2.5464567 5.0823622 2.7 3 P 0
L 5.0823622 2.7464567 5.0823622 2.9 3 P 0
L 5.0823622 2.9464567 5.0823622 3.1 3 P 0
L 5.0823622 3.1464567 5.0823622 3.3 3 P 0
L 5.085 1.812 5.095 1.8010157 0 P 0
L 5.09 4.0690315 5.09 4.0990315 0 P 0
L 5.09 4.0990315 5.09 4.1290315 0 P 0
L 5.09 4.0990315 5.099 4.0990315 0 P 0
L 5.1123622 2.0529843 5.1162992 2.0529843 0 P 0
L 5.1162992 1.8010157 5.1162992 2.0529843 0 P 0
